if self.quad_order == 2:
            self.quad_weights = np.array([1, 1, 1, 1])
            self.xi_quad = np.array([-0.57735026918962576450914878050195746, 0.57735026918962576450914878050195746,
                                -0.57735026918962576450914878050195746, 0.57735026918962576450914878050195746])
            self.eta_quad = np.array([-0.57735026918962576450914878050195746, -0.57735026918962576450914878050195746,
                                0.57735026918962576450914878050195746, 0.57735026918962576450914878050195746])
        
        if self.quad_order == 3:
            self.quad_weights = np.array([0.30864197530864197530864197530864198,
                                    0.49382716049382716049382716049382717,
                                    0.30864197530864197530864197530864198,
                                    0.49382716049382716049382716049382717,
                                    0.79012345679012345679012345679012346,
                                    0.49382716049382716049382716049382717,
                                    0.30864197530864197530864197530864198,
                                    0.49382716049382716049382716049382717,
                                    0.30864197530864197530864197530864198])

            self.xi_quad = np.array([-0.77459666924148337703585307995647992,
                                    0.,
                                    0.77459666924148337703585307995647992,
                                    -0.77459666924148337703585307995647992,
                                    0.,
                                    0.77459666924148337703585307995647992,
                                    -0.77459666924148337703585307995647992,
                                    0.,
                                    0.77459666924148337703585307995647992])

            self.eta_quad = np.array([-0.77459666924148337703585307995647992,
                                    -0.77459666924148337703585307995647992,
                                    -0.77459666924148337703585307995647992,
                                    0.,
                                    0.,
                                    0.,
                                    0.77459666924148337703585307995647992,
                                    0.77459666924148337703585307995647992,
                                    0.77459666924148337703585307995647992])
        
        
        if self.quad_order == 4:
            self.quad_weights = np.array([0.12100299328560200552121209737014755,
                                        0.22685185185185185185185185185185185,
                                        0.22685185185185185185185185185185185,
                                        0.12100299328560200552121209737014755,
                                        0.22685185185185185185185185185185185,
                                        0.42529330301069429077508419892614875,
                                        0.42529330301069429077508419892614875,
                                        0.22685185185185185185185185185185185,
                                        0.22685185185185185185185185185185185,
                                        0.42529330301069429077508419892614875,
                                        0.42529330301069429077508419892614875,
                                        0.22685185185185185185185185185185185,
                                        0.12100299328560200552121209737014755,
                                        0.22685185185185185185185185185185185,
                                        0.22685185185185185185185185185185185,
                                        0.12100299328560200552121209737014755])

            self.xi_quad = np.array([-0.86113631159405257522394648889280951,
                                    -0.33998104358485626480266575910324469,
                                    0.33998104358485626480266575910324469,
                                    0.86113631159405257522394648889280951,
                                    -0.86113631159405257522394648889280951,
                                    -0.33998104358485626480266575910324469,
                                    0.33998104358485626480266575910324469,
                                    0.86113631159405257522394648889280951,
                                    -0.86113631159405257522394648889280951,
                                    -0.33998104358485626480266575910324469,
                                    0.33998104358485626480266575910324469,
                                    0.86113631159405257522394648889280951,
                                    -0.86113631159405257522394648889280951,
                                    -0.33998104358485626480266575910324469,
                                    0.33998104358485626480266575910324469,
                                    0.86113631159405257522394648889280951])

            self.eta_quad = np.array([-0.86113631159405257522394648889280951,
                                    -0.86113631159405257522394648889280951,
                                    -0.86113631159405257522394648889280951,
                                    -0.86113631159405257522394648889280951,
                                    -0.33998104358485626480266575910324469,
                                    -0.33998104358485626480266575910324469,
                                    -0.33998104358485626480266575910324469,
                                    -0.33998104358485626480266575910324469,
                                    0.33998104358485626480266575910324469,
                                    0.33998104358485626480266575910324469,
                                    0.33998104358485626480266575910324469,
                                    0.33998104358485626480266575910324469,
                                    0.86113631159405257522394648889280951,
                                    0.86113631159405257522394648889280951,
                                    0.86113631159405257522394648889280951,
                                    0.86113631159405257522394648889280951])
        
        if self.quad_order == 5:
            self.quad_weights = np.array([0.056134348862428635954651158026251974,
                              0.11340000000000000000000000000000000,
                              0.13478507238752090311922576538733075,
                              0.11340000000000000000000000000000000,
                              0.056134348862428635954651158026251974,
                              0.11340000000000000000000000000000000,
                              0.22908540422399111713176859506016780,
                              0.27228653255075070181904583955094084,
                              0.22908540422399111713176859506016780,
                              0.11340000000000000000000000000000000,
                              0.13478507238752090311922576538733075,
                              0.27228653255075070181904583955094084,
                              0.32363456790123456790123456790123452,
                              0.27228653255075070181904583955094084,
                              0.13478507238752090311922576538733075,
                              0.11340000000000000000000000000000000,
                              0.22908540422399111713176859506016780,
                              0.27228653255075070181904583955094084,
                              0.22908540422399111713176859506016780,
                              0.11340000000000000000000000000000000,
                              0.056134348862428635954651158026251974,
                              0.11340000000000000000000000000000000,
                              0.13478507238752090311922576538733075,
                              0.11340000000000000000000000000000000,
                              0.056134348862428635954651158026251974])

            self.xi_quad = np.array([-0.90617984593866399279762687829939297,
                                    -0.53846931010568309103631442070020880,
                                    0.,
                                    0.53846931010568309103631442070020880,
                                    0.90617984593866399279762687829939297,
                                    -0.90617984593866399279762687829939297,
                                    -0.53846931010568309103631442070020880,
                                    0.,
                                    0.53846931010568309103631442070020880,
                                    0.90617984593866399279762687829939297,
                                    -0.90617984593866399279762687829939297,
                                    -0.53846931010568309103631442070020880,
                                    0.,
                                    0.53846931010568309103631442070020880,
                                    0.90617984593866399279762687829939297,
                                    -0.90617984593866399279762687829939297,
                                    -0.53846931010568309103631442070020880,
                                    0.,
                                    0.53846931010568309103631442070020880,
                                    0.90617984593866399279762687829939297,
                                    -0.90617984593866399279762687829939297,
                                    -0.53846931010568309103631442070020880,
                                    0.,
                                    0.53846931010568309103631442070020880,
                                    0.90617984593866399279762687829939297])

            self.eta_quad = np.array([-0.90617984593866399279762687829939297,
                                    -0.90617984593866399279762687829939297,
                                    -0.90617984593866399279762687829939297,
                                    -0.90617984593866399279762687829939297,
                                    -0.90617984593866399279762687829939297,
                                    -0.53846931010568309103631442070020880,
                                    -0.53846931010568309103631442070020880,
                                    -0.53846931010568309103631442070020880,
                                    -0.53846931010568309103631442070020880,
                                    -0.53846931010568309103631442070020880,
                                    0.,
                                    0.,
                                    0.,
                                    0.,
                                    0.,
                                    0.53846931010568309103631442070020880,
                                    0.53846931010568309103631442070020880,
                                    0.53846931010568309103631442070020880,
                                    0.53846931010568309103631442070020880,
                                    0.53846931010568309103631442070020880,
                                    0.90617984593866399279762687829939297,
                                    0.90617984593866399279762687829939297,
                                    0.90617984593866399279762687829939297,
                                    0.90617984593866399279762687829939297,
                                    0.90617984593866399279762687829939297])
        
        if self.quad_order == 6:
            self.quad_weights = np.array([
                0.029352081688980397634757062732583707,
                0.061807293372383328617431798360901623,
                0.080165117317806618788107281079247560,
                0.080165117317806618788107281079247560,
                0.061807293372383328617431798360901623,
                0.029352081688980397634757062732583707,
                0.061807293372383328617431798360901623,
                0.13014891258816744858016301713918589,
                0.16880536708758783037223869833762859,
                0.16880536708758783037223869833762859,
                0.13014891258816744858016301713918589,
                0.061807293372383328617431798360901623,
                0.080165117317806618788107281079247560,
                0.16880536708758783037223869833762859,
                0.21894345016729659822952436457267485,
                0.21894345016729659822952436457267485,
                0.16880536708758783037223869833762859,
                0.080165117317806618788107281079247560,
                0.080165117317806618788107281079247560,
                0.16880536708758783037223869833762859,
                0.21894345016729659822952436457267485,
                0.21894345016729659822952436457267485,
                0.16880536708758783037223869833762859,
                0.080165117317806618788107281079247560,
                0.061807293372383328617431798360901623,
                0.13014891258816744858016301713918589,
                0.16880536708758783037223869833762859,
                0.16880536708758783037223869833762859,
                0.13014891258816744858016301713918589,
                0.061807293372383328617431798360901623,
                0.029352081688980397634757062732583707,
                0.061807293372383328617431798360901623,
                0.080165117317806618788107281079247560,
                0.080165117317806618788107281079247560,
                0.061807293372383328617431798360901623,
                0.029352081688980397634757062732583707
            ])

            self.xi_quad = np.array([
                -0.93246951420315202781230155449399461,
                -0.66120938646626451366139959501990535,
                -0.23861918608319690863050172168071194,
                0.23861918608319690863050172168071194,
                0.66120938646626451366139959501990535,
                0.93246951420315202781230155449399461,
                -0.93246951420315202781230155449399461,
                -0.66120938646626451366139959501990535,
                -0.23861918608319690863050172168071194,
                0.23861918608319690863050172168071194,
                0.66120938646626451366139959501990535,
                0.93246951420315202781230155449399461,
                -0.93246951420315202781230155449399461,
                -0.66120938646626451366139959501990535,
                -0.23861918608319690863050172168071194,
                0.23861918608319690863050172168071194,
                0.66120938646626451366139959501990535,
                0.93246951420315202781230155449399461,
                -0.93246951420315202781230155449399461,
                -0.66120938646626451366139959501990535,
                -0.23861918608319690863050172168071194,
                0.23861918608319690863050172168071194,
                0.66120938646626451366139959501990535,
                0.93246951420315202781230155449399461,
                -0.93246951420315202781230155449399461,
                -0.66120938646626451366139959501990535,
                -0.23861918608319690863050172168071194,
                0.23861918608319690863050172168071194,
                0.66120938646626451366139959501990535,
                0.93246951420315202781230155449399461,
                -0.93246951420315202781230155449399461,
                -0.66120938646626451366139959501990535,
                -0.23861918608319690863050172168071194,
                0.23861918608319690863050172168071194,
                0.66120938646626451366139959501990535,
                0.93246951420315202781230155449399461 
            ])

            self.eta_quad = np.array([
                -0.93246951420315202781230155449399461,
                -0.93246951420315202781230155449399461,
                -0.93246951420315202781230155449399461,
                -0.93246951420315202781230155449399461,
                -0.93246951420315202781230155449399461,
                -0.93246951420315202781230155449399461,
                -0.66120938646626451366139959501990535,
                -0.66120938646626451366139959501990535,
                -0.66120938646626451366139959501990535,
                -0.66120938646626451366139959501990535,
                -0.66120938646626451366139959501990535,
                -0.66120938646626451366139959501990535,
                -0.23861918608319690863050172168071194,
                -0.23861918608319690863050172168071194,
                -0.23861918608319690863050172168071194,
                -0.23861918608319690863050172168071194,
                -0.23861918608319690863050172168071194,
                -0.23861918608319690863050172168071194,
                0.23861918608319690863050172168071194,
                0.23861918608319690863050172168071194,
                0.23861918608319690863050172168071194,
                0.23861918608319690863050172168071194,
                0.23861918608319690863050172168071194,
                0.23861918608319690863050172168071194,
                0.66120938646626451366139959501990535,
                0.66120938646626451366139959501990535,
                0.66120938646626451366139959501990535,
                0.66120938646626451366139959501990535,
                0.66120938646626451366139959501990535,
                0.66120938646626451366139959501990535,
                0.93246951420315202781230155449399461,
                0.93246951420315202781230155449399461,
                0.93246951420315202781230155449399461,
                0.93246951420315202781230155449399461,
                0.93246951420315202781230155449399461,
                0.93246951420315202781230155449399461
            ])
        if self.quad_order == 7:    
            self.quad_weights = np.array( 
                                    [ 0.016766356463753329011668073624634837,
                                    0.036217643154239442374745286152464361,
                                    0.049441251171913132923156010235986909,
                                    0.054119430757927577922084125331991827,
                                    0.049441251171913132923156010235986909,
                                    0.036217643154239442374745286152464361,
                                    0.016766356463753329011668073624634837,
                                    0.036217643154239442374745286152464361,
                                    0.078235106028169524644506042712736971,
                                    0.10679992375890457681464440216307820,
                                    0.11690543709592624813514408079100011,
                                    0.10679992375890457681464440216307820,
                                    0.078235106028169524644506042712736971,
                                    0.036217643154239442374745286152464361,
                                    0.049441251171913132923156010235986909,
                                    0.10679992375890457681464440216307820,
                                    0.14579418746874168426783902633466301,
                                    0.15958937621111910188946067351049409,
                                    0.14579418746874168426783902633466301,
                                    0.10679992375890457681464440216307820,
                                    0.049441251171913132923156010235986909,
                                    0.054119430757927577922084125331991827,
                                    0.11690543709592624813514408079100011,
                                    0.15958937621111910188946067351049409,
                                    0.17468987921699291961682632236568093,
                                    0.15958937621111910188946067351049409,
                                    0.11690543709592624813514408079100011,
                                    0.054119430757927577922084125331991827,
                                    0.049441251171913132923156010235986909,
                                    0.10679992375890457681464440216307820,
                                    0.14579418746874168426783902633466301,
                                    0.15958937621111910188946067351049409,
                                    0.14579418746874168426783902633466301,
                                    0.10679992375890457681464440216307820,
                                    0.049441251171913132923156010235986909,
                                    0.036217643154239442374745286152464361,
                                    0.078235106028169524644506042712736971,
                                    0.10679992375890457681464440216307820,
                                    0.11690543709592624813514408079100011,
                                    0.10679992375890457681464440216307820,
                                    0.078235106028169524644506042712736971,
                                    0.036217643154239442374745286152464361,
                                    0.016766356463753329011668073624634837,
                                    0.036217643154239442374745286152464361,
                                    0.049441251171913132923156010235986909,
                                    0.054119430757927577922084125331991827,
                                    0.049441251171913132923156010235986909,
                                    0.036217643154239442374745286152464361,
                                    0.016766356463753329011668073624634837 ])
            
            self.xi_quad = np.array([
                                    -0.94910791234275852452618968404785126,
                                    -0.74153118559939443986386477328078841,
                                    -0.40584515137739716690660641207696146,
                                    0.,
                                    0.40584515137739716690660641207696146,
                                    0.74153118559939443986386477328078841,
                                    0.94910791234275852452618968404785126,
                                    -0.94910791234275852452618968404785126,
                                    -0.74153118559939443986386477328078841,
                                    -0.40584515137739716690660641207696146,
                                    0.,
                                    0.40584515137739716690660641207696146,
                                    0.74153118559939443986386477328078841,
                                    0.94910791234275852452618968404785126,
                                    -0.94910791234275852452618968404785126,
                                    -0.74153118559939443986386477328078841,
                                    -0.40584515137739716690660641207696146,
                                    0.,
                                    0.40584515137739716690660641207696146,
                                    0.74153118559939443986386477328078841,
                                    0.94910791234275852452618968404785126,
                                    -0.94910791234275852452618968404785126,
                                    -0.74153118559939443986386477328078841,
                                    -0.40584515137739716690660641207696146,
                                    0.,
                                    0.40584515137739716690660641207696146,
                                    0.74153118559939443986386477328078841,
                                    0.94910791234275852452618968404785126,
                                    -0.94910791234275852452618968404785126,
                                    -0.74153118559939443986386477328078841,
                                    -0.40584515137739716690660641207696146,
                                    0.,
                                    0.40584515137739716690660641207696146,
                                    0.74153118559939443986386477328078841,
                                    0.94910791234275852452618968404785126,
                                    -0.94910791234275852452618968404785126,
                                    -0.74153118559939443986386477328078841,
                                    -0.40584515137739716690660641207696146,
                                    0.,
                                    0.40584515137739716690660641207696146,
                                    0.74153118559939443986386477328078841,
                                    0.94910791234275852452618968404785126,
                                    -0.94910791234275852452618968404785126,
                                    -0.74153118559939443986386477328078841,
                                    -0.40584515137739716690660641207696146,
                                    0.,
                                    0.40584515137739716690660641207696146,
                                    0.74153118559939443986386477328078841,
                                    0.94910791234275852452618968404785126 ])
  
            self.eta_quad = np.array([
                                            -0.94910791234275852452618968404785126,
                                            -0.94910791234275852452618968404785126,
                                            -0.94910791234275852452618968404785126,
                                            -0.94910791234275852452618968404785126,
                                            -0.94910791234275852452618968404785126,
                                            -0.94910791234275852452618968404785126,
                                            -0.94910791234275852452618968404785126,
                                            -0.74153118559939443986386477328078841,
                                            -0.74153118559939443986386477328078841,
                                            -0.74153118559939443986386477328078841,
                                            -0.74153118559939443986386477328078841,
                                            -0.74153118559939443986386477328078841,
                                            -0.74153118559939443986386477328078841,
                                            -0.74153118559939443986386477328078841,
                                            -0.40584515137739716690660641207696146,
                                            -0.40584515137739716690660641207696146,
                                            -0.40584515137739716690660641207696146,
                                            -0.40584515137739716690660641207696146,
                                            -0.40584515137739716690660641207696146,
                                            -0.40584515137739716690660641207696146,
                                            -0.40584515137739716690660641207696146,
                                                0.,
                                                0.,
                                                0.,
                                                0.,
                                                0.,
                                                0.,
                                                0.,
                                                0.40584515137739716690660641207696146,
                                                0.40584515137739716690660641207696146,
                                                0.40584515137739716690660641207696146,
                                                0.40584515137739716690660641207696146,
                                                0.40584515137739716690660641207696146,
                                                0.40584515137739716690660641207696146,
                                                0.40584515137739716690660641207696146,
                                                0.74153118559939443986386477328078841,
                                                0.74153118559939443986386477328078841,
                                                0.74153118559939443986386477328078841,
                                                0.74153118559939443986386477328078841,
                                                0.74153118559939443986386477328078841,
                                                0.74153118559939443986386477328078841,
                                                0.74153118559939443986386477328078841,
                                                0.94910791234275852452618968404785126,
                                                0.94910791234275852452618968404785126,
                                                0.94910791234275852452618968404785126,
                                                0.94910791234275852452618968404785126,
                                                0.94910791234275852452618968404785126,
                                                0.94910791234275852452618968404785126,
                                                0.94910791234275852452618968404785126 ])

        if self.quad_order == 8:
            self.quad_weights = np.array([0.010247216559492023290653071261207573,
                                                0.022511306616454830804021349419391882,
                                                0.031756064586781927171542031803085337,
                                                0.036713948527647477886314901826277389,
                                                0.036713948527647477886314901826277389,
                                                0.031756064586781927171542031803085337,
                                                0.022511306616454830804021349419391882,
                                                0.010247216559492023290653071261207573,
                                                0.022511306616454830804021349419391882,
                                                0.049453324484552923303261268350586497,
                                                0.069762408425222997174804068722261515,
                                                0.080653994927143719262269307934001006,
                                                0.080653994927143719262269307934001006,
                                                0.069762408425222997174804068722261515,
                                                0.049453324484552923303261268350586497,
                                                0.022511306616454830804021349419391882,
                                                0.031756064586781927171542031803085337,
                                                0.069762408425222997174804068722261515,
                                                0.098411859667954176968572296313663868,
                                                0.11377631319792818602304380514759058,
                                                0.11377631319792818602304380514759058,
                                                0.098411859667954176968572296313663868,
                                                0.069762408425222997174804068722261515,
                                                0.031756064586781927171542031803085337,
                                                0.036713948527647477886314901826277389,
                                                0.080653994927143719262269307934001006,
                                                0.11377631319792818602304380514759058,
                                                0.13153952672564259979352243436932664,
                                                0.13153952672564259979352243436932664,
                                                0.11377631319792818602304380514759058,
                                                0.080653994927143719262269307934001006,
                                                0.036713948527647477886314901826277389,
                                                0.036713948527647477886314901826277389,
                                                0.080653994927143719262269307934001006,
                                                0.11377631319792818602304380514759058,
                                                0.13153952672564259979352243436932664,
                                                0.13153952672564259979352243436932664,
                                                0.11377631319792818602304380514759058,
                                                0.080653994927143719262269307934001006,
                                                0.036713948527647477886314901826277389,
                                                0.031756064586781927171542031803085337,
                                                0.069762408425222997174804068722261515,
                                                0.098411859667954176968572296313663868,
                                                0.11377631319792818602304380514759058,
                                                0.11377631319792818602304380514759058,
                                                0.098411859667954176968572296313663868,
                                                0.069762408425222997174804068722261515,
                                                0.031756064586781927171542031803085337,
                                                0.022511306616454830804021349419391882,
                                                0.049453324484552923303261268350586497,
                                                0.069762408425222997174804068722261515,
                                                0.080653994927143719262269307934001006,
                                                0.080653994927143719262269307934001006,
                                                0.069762408425222997174804068722261515,
                                                0.049453324484552923303261268350586497,
                                                0.022511306616454830804021349419391882,
                                                0.010247216559492023290653071261207573,
                                                0.022511306616454830804021349419391882,
                                                0.031756064586781927171542031803085337,
                                                0.036713948527647477886314901826277389,
                                                0.036713948527647477886314901826277389,
                                                0.031756064586781927171542031803085337,
                                                0.022511306616454830804021349419391882,
                                                0.010247216559492023290653071261207573])  
            self.xi_quad = np.array([
                                        -0.96028985649753623168356086856947299,
                                        -0.79666647741362673959155393647583044,
                                        -0.52553240991632898581773904918924635,
                                        -0.18343464249564980493947614236018398,
                                        0.18343464249564980493947614236018398,
                                        0.52553240991632898581773904918924635,
                                        0.79666647741362673959155393647583044,
                                        0.96028985649753623168356086856947299,
                                        -0.96028985649753623168356086856947299,
                                        -0.79666647741362673959155393647583044,
                                        -0.52553240991632898581773904918924635,
                                        -0.18343464249564980493947614236018398,
                                        0.18343464249564980493947614236018398,
                                        0.52553240991632898581773904918924635,
                                        0.79666647741362673959155393647583044,
                                        0.96028985649753623168356086856947299,
                                        -0.96028985649753623168356086856947299,
                                        -0.79666647741362673959155393647583044,
                                        -0.52553240991632898581773904918924635,
                                        -0.18343464249564980493947614236018398,
                                        0.18343464249564980493947614236018398,
                                        0.52553240991632898581773904918924635,
                                        0.79666647741362673959155393647583044,
                                        0.96028985649753623168356086856947299,
                                        -0.96028985649753623168356086856947299,
                                        -0.79666647741362673959155393647583044,
                                        -0.52553240991632898581773904918924635,
                                        -0.18343464249564980493947614236018398,
                                        0.18343464249564980493947614236018398,
                                        0.52553240991632898581773904918924635,
                                        0.79666647741362673959155393647583044,
                                        0.96028985649753623168356086856947299,
                                        -0.96028985649753623168356086856947299,
                                        -0.79666647741362673959155393647583044,
                                        -0.52553240991632898581773904918924635,
                                        -0.18343464249564980493947614236018398,
                                        0.18343464249564980493947614236018398,
                                        0.52553240991632898581773904918924635,
                                        0.79666647741362673959155393647583044,
                                        0.96028985649753623168356086856947299,
                                        -0.96028985649753623168356086856947299,
                                        -0.79666647741362673959155393647583044,
                                        -0.52553240991632898581773904918924635,
                                        -0.18343464249564980493947614236018398,
                                        0.18343464249564980493947614236018398,
                                        0.52553240991632898581773904918924635,
                                        0.79666647741362673959155393647583044,
                                        0.96028985649753623168356086856947299,
                                        -0.96028985649753623168356086856947299,
                                        -0.79666647741362673959155393647583044,
                                        -0.52553240991632898581773904918924635,
                                        -0.18343464249564980493947614236018398,
                                        0.18343464249564980493947614236018398,
                                        0.52553240991632898581773904918924635,
                                        0.79666647741362673959155393647583044,
                                        0.96028985649753623168356086856947299,
                                        -0.96028985649753623168356086856947299,
                                        -0.79666647741362673959155393647583044,
                                        -0.52553240991632898581773904918924635,
                                        -0.18343464249564980493947614236018398,
                                        0.18343464249564980493947614236018398,
                                        0.52553240991632898581773904918924635,
                                        0.79666647741362673959155393647583044,
                                        0.96028985649753623168356086856947299])      
            self.eta_quad = np.array([-0.96028985649753623168356086856947299,
                                        -0.96028985649753623168356086856947299,
                                        -0.96028985649753623168356086856947299,
                                        -0.96028985649753623168356086856947299,
